Place(15.342, 1.000, -3.795, “Cowboy”, 750)
Upgrade(15.342, 2.350, -3.795, 150)
Upgrade(15.342, 2.350, -3.795, 639)
Place(11.972, 1.000, -3.615, “Cowboy”, 63)
Place(15.638, 1.000, -6.799, “Cowboy”, 696)
Upgrade(15.638, 2.350, -6.799, 182)
Upgrade(15.638, 2.350, -6.799, 657)
Place(15.400, 1.000, -0.706, “Cowboy”, 249)
Place(15.366, 1.000, -0.759, “Cowboy”, 603)
Upgrade(15.366, 2.350, -0.759, 788)
Upgrade(15.366, 2.350, -0.759, 638)
Place(12.641, 1.000, -7.267, “Cowboy”, 1343)
Upgrade(12.641, 2.350, -7.267, 999)
Upgrade(12.641, 2.350, -7.267, 882)
Place(12.344, 1.000, -3.992, “Cowboy”, 857)
Upgrade(12.344, 2.350, -3.992, 355)
Upgrade(12.344, 2.350, -3.992, 214)
Upgrade(12.344, 2.350, -3.992, 1206)
Place(12.153, 1.000, -0.514, “Cowboy”, 894)
Upgrade(12.153, 2.350, -0.514, 294)
Upgrade(12.153, 2.350, -0.514, 683)
Place(9.563, 1.000, -7.396, “Cowboy”, 703)
Upgrade(9.563, 2.350, -7.396, 905)
Upgrade(9.563, 2.350, -7.396, 756)
Place(9.325, 1.000, -4.165, “Cowboy”, 1261)
Upgrade(9.325, 2.350, -4.165, 921)
Upgrade(9.325, 2.350, -4.165, 831)
Place(9.131, 1.000, -0.959, “Cowboy”, 926)
Upgrade(9.131, 2.350, -0.959, 531)
Upgrade(9.131, 2.350, -0.959, 1262)
Place(9.252, 1.000, 2.059, “Cowboy”, 1077)
Upgrade(9.252, 2.350, 2.059, 537)
Upgrade(9.252, 2.350, 2.059, 743)
Place(3.266, 1.000, -3.419, “DJ Booth”, 1938)
switchTrack(3.266, 1.000, -3.419,'Green')
Upgrade(3.266, 2.350, -3.419, 1124)
Upgrade(3.266, 2.350, -3.419, 1379)
Upgrade(3.266, 2.350, -3.419, 3837)
Upgrade(9.252, 2.350, 2.059, 1737)
Upgrade(9.131, 2.350, -0.959, 2042)
Upgrade(9.325, 2.350, -4.165, 2547)
Upgrade(12.153, 2.350, -0.514, 2078)
Upgrade(12.344, 2.350, -3.992, 2283)
Upgrade(12.641, 2.350, -7.267, 3224)
Upgrade(15.366, 2.350, -0.759, 1649)
Upgrade(15.342, 2.350, -3.795, 2300)
Upgrade(15.638, 2.350, -6.799, 1805)
Upgrade(3.266, 2.350, -3.419, 8557)
Upgrade(9.252, 2.350, 2.059, 4233)
Upgrade(9.131, 2.350, -0.959, 5389)
Upgrade(9.325, 2.350, -4.165, 4567)
Upgrade(12.153, 2.350, -0.514, 5020)
Upgrade(12.344, 2.350, -3.992, 4305)
Upgrade(15.366, 2.350, -0.759, 5150)
Upgrade(9.563, 2.350, -7.396, 4880)
Upgrade(9.563, 2.350, -7.396, 4422)
Upgrade(12.641, 2.350, -7.267, 4743)
Upgrade(15.342, 2.350, -3.795, 4827)
Upgrade(15.638, 2.350, -6.799, 4341)
Upgrade(3.266, 2.350, -3.419, 21066)
Upgrade(9.252, 2.350, 2.059, 8896)
Place(2.435, 4.686, 8.217, “Ranger”, 5333)
Upgrade(2.435, 6.036, 8.217, 4108)
Upgrade(2.435, 6.036, 8.217, 7037)
Place(-0.585, 4.686, 8.233, “Ranger”, 6789)
Upgrade(-0.585, 6.036, 8.233, 4963)
Upgrade(-0.585, 6.036, 8.233, 5512)
Place(-2.285, 3.664, 5.274, “Ranger”, 9099)
Upgrade(-2.285, 5.014, 5.274, 4599)
Upgrade(-2.285, 5.014, 5.274, 3331)
Upgrade(-2.285, 5.014, 5.274, 6070)
Place(-0.653, 3.664, 2.746, “Ranger”, 6442)
Upgrade(-0.653, 5.014, 2.746, 2545)
Upgrade(-0.653, 5.014, 2.746, 4245)
Place(10.049, 3.196, -12.149, “Ranger”, 4679)
Upgrade(10.049, 4.546, -12.149, 2210)
Upgrade(10.049, 4.546, -12.149, 5091)
Place(13.106, 3.196, -11.752, “Ranger”, 5250)
Upgrade(13.106, 4.546, -11.752, 3375)
Upgrade(13.106, 4.546, -11.752, 4740)
Place(12.091, 4.808, -14.804, “Ranger”, 5990)
Upgrade(12.091, 6.158, -14.804, 3290)
Upgrade(12.091, 6.158, -14.804, 4740)
Upgrade(9.131, 2.350, -0.959, 12340)
Upgrade(12.153, 2.350, -0.514, 8365)
Upgrade(15.366, 2.350, -0.759, 1468)
Upgrade(9.325, 2.350, -4.165, 8381)
Upgrade(12.344, 2.350, -3.992, 10581)
Upgrade(15.342, 2.350, -3.795, 8556)
Upgrade(9.563, 2.350, -7.396, 9376)
Upgrade(12.641, 2.350, -7.267, 9474)
Upgrade(15.638, 2.350, -6.799, 10529)
Upgrade(2.435, 6.036, 8.217, 13151)
Upgrade(-0.585, 6.036, 8.233, 12682)
Upgrade(-2.285, 5.014, 5.274, 12156)
Upgrade(-0.653, 5.014, 2.746, 12057)
Upgrade(12.091, 6.158, -14.804, 12197)
Upgrade(10.049, 4.546, -12.149, 12271)
Upgrade(13.106, 4.546, -11.752, 12420)
Upgrade(2.435, 6.036, 8.217, 25548)
Upgrade(-0.585, 6.036, 8.233, 28986)
Upgrade(-2.285, 5.014, 5.274, 27264)
Upgrade(-0.653, 5.014, 2.746, 25816)
Upgrade(10.049, 4.546, -12.149, 27443)
Upgrade(12.091, 6.158, -14.804, 26570)
Upgrade(13.106, 4.546, -11.752, 29518)
Place(9.152, 1.000, 5.097, “Warlock”, 13937)
Upgrade(9.152, 2.350, 5.097, 23224)
Upgrade(9.152, 2.350, 5.097, 23224)
Upgrade(9.152, 2.350, 5.097, 19444)
Upgrade(9.152, 2.350, 5.097, 344)
Upgrade(9.152, 2.350, 5.097, 28111)
Place(12.410, 1.000, 2.740, “Warlock”, 9589)
Upgrade(12.410, 2.350, 2.740, 7010)
Upgrade(12.410, 2.350, 2.740, 4888)
Upgrade(12.410, 2.350, 2.740, 7885)
Upgrade(12.410, 2.350, 2.740, 11974)
Upgrade(12.410, 2.350, 2.740, 17150)
Upgrade(12.410, 2.350, 2.740, 3675)
Upgrade(12.410, 2.350, 2.740, 30150)
Place(12.435, 1.000, 6.150, “Warlock”, 14894)
Upgrade(12.435, 2.350, 6.150, 16625)
Upgrade(12.435, 2.350, 6.150, 19499)
Upgrade(12.435, 2.350, 6.150, 24615)
Upgrade(12.435, 2.350, 6.150, 20770)
Upgrade(12.435, 2.350, 6.150, 32514)
Place(9.728, 1.000, 8.159, “Warlock”, 15745)
Upgrade(9.728, 2.350, 8.159, 28120)
Upgrade(9.728, 2.350, 8.159, 30995)
Upgrade(9.728, 2.350, 8.159, 25215)
Upgrade(9.728, 2.350, 8.159, 19170)
Upgrade(9.728, 2.350, 8.159, 29407)
Place(2.359, 1.000, -7.385, “Accelerator”, 12357)
Upgrade(2.359, 2.350, -7.385, 17727)
Upgrade(2.359, 2.350, -7.385, 17727)
Upgrade(2.359, 2.350, -7.385, 21327)
Upgrade(2.359, 2.350, -7.385, 27915)
Upgrade(2.359, 2.350, -7.385, 35014)
Place(2.383, 1.000, -11.119, “Accelerator”, 12164)
Upgrade(2.383, 2.350, -11.119, 20614)
Upgrade(2.383, 2.350, -11.119, 21114)
Upgrade(2.383, 2.350, -11.119, 18989)
Upgrade(2.383, 2.350, -11.119, 14952)
Upgrade(2.383, 2.350, -11.119, 32222)
Place(-0.467, 1.000, -5.395, “Accelerator”, 3197)
Place(-0.497, 1.000, -5.207, “Accelerator”, 13872)
Upgrade(-0.497, 2.350, -5.207, 20942)
Upgrade(-0.497, 2.350, -5.207, 20322)
Upgrade(-0.497, 2.350, -5.207, 18197)
Upgrade(-0.497, 2.350, -5.207, 18556)
Upgrade(-0.497, 2.350, -5.207, 47752)
Place(-1.406, 1.000, -8.368, “Accelerator”, 36172)
Upgrade(-1.406, 2.350, -8.368, 41247)
Upgrade(-1.406, 2.350, -8.368, 45845)
Upgrade(-1.406, 2.350, -8.368, 43722)
Upgrade(-1.406, 2.350, -8.368, 43685)
Upgrade(-1.406, 2.350, -8.368, 38123)
Place(-2.394, 1.000, -0.981, “Accelerator”, 17846)
Upgrade(-2.394, 2.350, -0.981, 13346)
Upgrade(-2.394, 2.350, -0.981, 10456)
Upgrade(-2.394, 2.350, -0.981, 10596)
Upgrade(-2.394, 2.350, -0.981, 34750)
Upgrade(-2.394, 2.350, -0.981, 50321)
Place(3.169, 1.000, 3.924, “Accelerator”, 34897)
Upgrade(3.169, 2.350, 3.924, 41397)
Upgrade(3.169, 2.350, 3.924, 41222)
Upgrade(3.169, 2.350, 3.924, 39997)
Upgrade(3.169, 2.350, 3.924, 95960)
Upgrade(3.169, 2.350, 3.924, 91073)
Place(0.662, 1.000, 0.891, “Accelerator”, 130828)
Upgrade(0.662, 2.350, 0.891, 126328)
Upgrade(0.662, 2.350, 0.891, 125478)
Upgrade(0.662, 2.350, 0.891, 125478)
Upgrade(0.662, 2.350, 0.891, 126710)
Upgrade(0.662, 2.350, 0.891, 117151)
Place(-1.699, 1.000, -11.732, “Accelerator”, 115925)
Upgrade(-1.699, 2.350, -11.732, 112633)
Upgrade(-1.699, 2.350, -11.732, 111783)
Upgrade(-1.699, 2.350, -11.732, 115558)
Upgrade(-1.699, 2.350, -11.732, 111523)
Upgrade(-1.699, 2.350, -11.732, 103634)
