place(15.650, 1.000, -8.699, "Cowboy", 600)
upgrade(15.650, 2.350, -8.699, 150)
upgrade(15.650, 2.350, -8.699, 600)
place(15.730, 1.000, -5.634, "Cowboy", 600)
upgrade(15.730, 2.350, -5.634, 150)
upgrade(15.730, 2.350, -5.634, 600)
place(5.792, 1.000, 15.525, "Cowboy", 600)
place(15.596, 1.000, -2.465, "Cowboy", 600)
upgrade(15.596, 2.350, -2.465, 150)
upgrade(15.596, 2.350, -2.465, 600)
place(12.632, 1.000, -8.514, "Cowboy", 600)
upgrade(12.632, 2.350, -8.514, 150)
upgrade(12.632, 2.350, -8.514, 600)
place(12.691, 1.000, -5.437, "Cowboy", 600)
upgrade(12.691, 2.350, -5.437, 150)
upgrade(12.691, 2.350, -5.437, 600)
place(12.547, 1.000, -2.413, "Cowboy", 600)
upgrade(12.547, 2.350, -2.413, 150)
upgrade(12.547, 2.350, -2.413, 600)
place(9.559, 1.000, -8.270, "Cowboy", 600)
upgrade(9.559, 2.350, -8.270, 150)
upgrade(9.559, 2.350, -8.270, 600)
place(9.681, 1.000, -5.194, "Cowboy", 600)
upgrade(9.681, 2.350, -5.194, 150)
upgrade(9.681, 2.350, -5.194, 600)
place(9.458, 1.000, -2.071, "Cowboy", 600)
upgrade(9.458, 2.350, -2.071, 150)
upgrade(9.458, 2.350, -2.071, 600)
place(9.205, 1.000, -11.293, "Cowboy", 600)
upgrade(9.205, 2.350, -11.293, 150)
upgrade(9.205, 2.350, -11.293, 600)
place(3.797, 1.000, -4.875, "Commander", 850)
upgrade(9.458, 2.350, -2.071, 1750)
upgrade(9.681, 2.350, -5.194, 1750)
upgrade(12.547, 2.350, -2.413, 1750)
upgrade(12.691, 2.350, -5.437, 1750)
upgrade(12.632, 2.350, -8.514, 1750)
upgrade(15.730, 2.350, -5.634, 1750)
upgrade(15.650, 2.350, -8.699, 1750)
upgrade(9.205, 2.350, -11.293, 1750)
upgrade(3.797, 2.700, -4.875, 300)
upgrade(3.797, 2.700, -4.875, 2500)
upgrade(9.458, 2.350, -2.071, 4750)
upgrade(12.547, 2.350, -2.413, 4750)
upgrade(15.596, 2.350, -2.465, 1750)
upgrade(15.596, 2.350, -2.465, 4750)
upgrade(9.681, 2.350, -5.194, 4750)
upgrade(12.691, 2.350, -5.437, 4750)
upgrade(15.730, 2.350, -5.634, 4750)
upgrade(9.559, 2.350, -8.270, 1750)
upgrade(9.205, 2.350, -11.293, 4750)
upgrade(9.458, 2.350, -2.071, 9500)
upgrade(9.681, 2.350, -5.194, 9500)
place(2.516, 4.686, 8.109, "Ranger", 4500)
upgrade(2.516, 6.036, 8.109, 1500)
upgrade(2.516, 6.036, 8.109, 4500)
place(-0.465, 4.686, 8.595, "Ranger", 4500)
upgrade(-0.465, 6.036, 8.595, 1500)
upgrade(-0.465, 6.036, 8.595, 4500)
place(0.560, 4.686, 5.715, "Ranger", 4500)
upgrade(0.560, 6.036, 5.715, 1500)
upgrade(0.560, 6.036, 5.715, 4500)
place(0.655, 3.664, 3.279, "Ranger", 4500)
place(0.646, 3.664, 2.980, "Ranger", 4500)
place(0.511, 3.664, 2.936, "Ranger", 4500)
place(0.392, 3.664, 2.622, "Ranger", 4500)
upgrade(0.392, 5.014, 2.622, 1500)
upgrade(0.392, 5.014, 2.622, 4500)
place(-2.271, 3.664, 4.645, "Ranger", 4500)
upgrade(-2.271, 5.014, 4.645, 1500)
upgrade(-2.271, 5.014, 4.645, 4500)
upgrade(12.547, 2.350, -2.413, 9500)
upgrade(12.691, 2.350, -5.437, 9500)
upgrade(9.559, 2.350, -8.270, 4750)
upgrade(9.559, 2.350, -8.270, 9500)
upgrade(12.632, 2.350, -8.514, 4750)
upgrade(12.632, 2.350, -8.514, 9500)
upgrade(15.650, 2.350, -8.699, 4750)
upgrade(15.596, 2.350, -2.465, 9500)
upgrade(15.730, 2.350, -5.634, 9500)
upgrade(15.650, 2.350, -8.699, 9500)
upgrade(9.205, 2.350, -11.293, 9500)
upgrade(2.516, 6.036, 8.109, 13500)
upgrade(0.560, 6.036, 5.715, 13500)
upgrade(0.392, 5.014, 2.622, 13500)
upgrade(-2.271, 5.014, 4.645, 13500)
upgrade(-0.465, 6.036, 8.595, 13500)
place(2.455, 1.000, 1.812, "Turret", 5000)
place(2.604, 1.000, 1.434, "Turret", 5000)
place(1.076, 1.000, -2.440, "Turret", 5000)
place(0.518, 1.000, -6.552, "Turret", 5000)
place(9.087, 1.000, 1.153, "Accelerator", 4500)
place(12.143, 1.000, 0.849, "Accelerator", 4500)
place(-2.337, 1.000, 1.171, "Accelerator", 4500)
place(-2.500, 1.000, -1.975, "Accelerator", 4500)
place(-2.806, 1.000, -5.176, "Accelerator", 4500)
place(-2.662, 1.000, -8.403, "Accelerator", 4500)
place(0.102, 1.000, -10.122, "Accelerator", 4500)
upgrade(3.797, 2.700, -4.875, 5500)
upgrade(3.797, 2.700, -4.875, 15000)
upgrade(2.516, 6.036, 8.109, 30000)
upgrade(0.560, 6.036, 5.715, 30000)
upgrade(-0.465, 6.036, 8.595, 30000)
upgrade(-2.271, 5.014, 4.645, 30000)
place(9.947, 3.196, -14.176, "Ranger", 4500)
place(13.077, 3.196, -13.274, "Ranger", 4500)
upgrade(13.077, 4.546, -13.274, 1500)
upgrade(13.077, 4.546, -13.274, 4500)
upgrade(13.077, 4.546, -13.274, 13500)
upgrade(9.947, 4.546, -14.176, 1500)
upgrade(9.947, 4.546, -14.176, 4500)
upgrade(9.947, 4.546, -14.176, 13500)
upgrade(13.077, 4.546, -13.274, 30000)
upgrade(9.947, 4.546, -14.176, 30000)
upgrade(0.518, 1.950, -6.552, 1250)
upgrade(0.518, 1.950, -6.552, 7250)
upgrade(0.518, 1.950, -6.552, 15000)
upgrade(0.518, 1.950, -6.552, 30000)
upgrade(0.518, 1.950, -6.552, 52500)
upgrade(1.076, 1.950, -2.440, 1250)
upgrade(1.076, 1.950, -2.440, 7250)
upgrade(1.076, 1.950, -2.440, 15000)
upgrade(1.076, 1.950, -2.440, 30000)
upgrade(1.076, 1.950, -2.440, 52500)
upgrade(2.604, 1.950, 1.434, 1250)
upgrade(2.604, 1.950, 1.434, 7250)
upgrade(2.604, 1.950, 1.434, 15000)
upgrade(2.604, 1.950, 1.434, 30000)
upgrade(2.604, 1.950, 1.434, 52500)
upgrade(9.087, 2.350, 1.153, 1000)
upgrade(9.087, 2.350, 1.153, 2500)
upgrade(9.087, 2.350, 1.153, 4750)
upgrade(9.087, 2.350, 1.153, 11250)
upgrade(9.087, 2.350, 1.153, 36000)
upgrade(12.143, 2.350, 0.849, 1000)
upgrade(12.143, 2.350, 0.849, 2500)
upgrade(12.143, 2.350, 0.849, 4750)
upgrade(12.143, 2.350, 0.849, 11250)
upgrade(12.143, 2.350, 0.849, 36000)
upgrade(-2.337, 2.350, 1.171, 1000)
upgrade(-2.337, 2.350, 1.171, 2500)
upgrade(-2.337, 2.350, 1.171, 4750)
upgrade(-2.337, 2.350, 1.171, 11250)
upgrade(-2.337, 2.350, 1.171, 36000)
upgrade(-2.500, 2.350, -1.975, 1000)
upgrade(-2.500, 2.350, -1.975, 2500)
upgrade(-2.500, 2.350, -1.975, 4750)
upgrade(-2.500, 2.350, -1.975, 11250)
upgrade(-2.500, 2.350, -1.975, 36000)
upgrade(-2.806, 2.350, -5.176, 1000)
upgrade(-2.806, 2.350, -5.176, 2500)
upgrade(-2.806, 2.350, -5.176, 4750)
upgrade(-2.806, 2.350, -5.176, 11250)
upgrade(-2.806, 2.350, -5.176, 36000)
upgrade(-2.662, 2.350, -8.403, 1000)
upgrade(-2.662, 2.350, -8.403, 2500)
upgrade(-2.662, 2.350, -8.403, 4750)
upgrade(-2.662, 2.350, -8.403, 11250)
upgrade(-2.662, 2.350, -8.403, 36000)
upgrade(0.102, 2.350, -10.122, 1000)
upgrade(0.102, 2.350, -10.122, 2500)
upgrade(0.102, 2.350, -10.122, 4750)
upgrade(0.102, 2.350, -10.122, 11250)
upgrade(0.102, 2.350, -10.122, 36000)
place(-0.102, 1.000, -13.193, "Accelerator", 4500)
upgrade(-0.102, 2.350, -13.193, 1000)
upgrade(-0.102, 2.350, -13.193, 2500)
upgrade(-0.102, 2.350, -13.193, 4750)
upgrade(-0.102, 2.350, -13.193, 11250)
upgrade(-0.102, 2.350, -13.193, 36000)
upgrade(-0.102, 2.350, -13.193, 234254)
upgrade(-0.102, 2.350, -13.193, 234254)
upgrade(-0.102, 2.350, -13.193, 234254)
